51 81 82 82 91 58 74 91 84 69 31 29 38 91 37 42 39 92 10 77 
35 84 70 60 94 79 10 85 90 12 52 28 37 60 43 24 100 18 87 8 
41 39 9 28 50 58 37 19 39 61 57 52 50 17 35 79 84 45 92 54 
29 20 85 32 8 43 2 24 63 92 20 94 37 84 59 82 38 30 28 74 
39 89 27 18 6 42 57 81 67 68 16 83 49 20 63 39 53 5 100 34 
94 58 90 44 9 34 78 77 19 38 10 2 65 8 68 33 3 3 64 16 
8 76 93 54 44 11 2 70 33 80 4 54 78 76 17 73 41 53 24 11 
21 18 49 98 48 95 21 55 60 85 10 98 69 18 94 51 76 21 53 34 
49 90 16 51 35 86 96 5 88 71 84 77 70 53 47 98 49 85 95 83 
47 77 16 52 33 68 78 26 5 26 57 17 3 63 43 39 47 74 79 9 
68 36 50 12 60 29 14 55 80 17 77 4 12 47 48 84 1 69 84 4 
22 37 84 88 89 42 81 11 82 85 94 54 97 48 84 29 54 91 64 53 
90 59 15 78 8 15 21 12 43 86 18 52 94 5 41 38 98 99 29 30 
68 44 66 45 75 32 61 29 19 38 12 90 100 67 23 35 28 44 81 10 
54 61 32 70 84 57 76 94 74 72 96 19 39 97 36 72 78 65 12 81 
89 100 16 24 34 100 52 48 53 70 13 71 46 99 56 99 77 43 7 96 
80 57 18 39 90 33 56 9 19 4 58 81 20 13 96 56 28 1 47 33 
33 6 44 47 62 55 1 98 46 98 76 60 12 1 2 70 94 99 68 27 
4 6 90 80 37 98 49 21 64 47 82 48 79 66 98 33 32 94 30 54 
63 66 3 10 73 69 9 27 92 10 4 67 33 64 34 70 90 21 62 38 
2 78 47 83 47 14 91 24 4 99 47 44 91 39 76 50 95 40 76 94 
72 46 5 6 74 70 85 43 4 79 28 78 93 76 56 47 96 45 59 27 
17 40 8 73 64 71 29 94 97 84 28 96 58 43 92 87 60 73 50 72 
88 95 33 81 34 85 65 37 43 1 36 1 23 97 92 92 77 43 6 26 
81 46 93 82 70 4 60 18 73 8 23 49 56 33 51 69 92 51 87 65 
54 69 9 78 95 11 71 92 23 92 66 24 63 65 8 45 62 21 83 32 
28 1 88 96 33 41 59 91 51 28 94 18 95 18 25 90 41 3 64 20 
84 51 18 33 12 66 24 48 86 52 30 45 40 11 74 61 85 53 13 75 
78 29 9 96 67 15 47 91 62 84 2 54 99 72 56 16 89 44 32 95 
39 84 72 37 55 48 86 84 10 87 38 67 57 91 21 91 2 11 56 92 
32 21 63 90 62 89 55 1 49 82 34 91 71 86 30 7 18 5 82 56 
36 22 88 59 24 14 49 67 83 52 63 90 46 48 64 71 56 26 22 39 
38 59 88 95 77 86 26 61 41 62 41 60 16 32 83 65 44 72 36 2 
23 52 73 68 28 41 38 82 80 87 67 11 76 78 24 55 98 63 20 94 
22 55 3 59 18 81 5 5 38 28 37 79 88 44 100 53 67 82 100 83 
60 37 52 67 49 41 61 5 1 68 34 26 31 92 60 90 95 54 57 71 
21 27 10 86 53 26 11 43 67 45 46 83 49 72 68 66 81 1 95 80 
7 21 61 29 19 64 8 74 4 12 43 67 79 64 67 92 71 94 91 17 
56 20 22 14 81 62 30 100 83 72 61 71 59 27 33 24 48 21 51 80 
70 36 74 43 18 13 20 28 58 31 60 1 36 47 53 2 46 97 67 11 
85 69 18 86 86 3 34 64 70 15 15 52 6 68 81 61 18 77 34 73 
25 84 72 27 91 9 22 8 51 66 54 70 71 38 7 36 74 89 27 59 
30 3 41 66 39 24 87 19 88 15 67 81 71 100 48 11 56 38 29 47 
10 68 29 47 67 90 12 23 27 85 75 44 37 77 33 7 29 76 60 91 
39 32 78 93 77 74 58 2 38 2 32 18 3 13 15 11 71 13 40 72 
20 7 45 89 28 22 83 89 18 22 79 60 94 39 32 50 61 20 62 85 
78 98 52 22 62 26 82 88 42 36 79 65 46 28 50 90 32 42 78 73 
45 47 28 93 33 60 44 31 36 88 58 90 62 63 58 70 35 93 54 2 
25 18 89 17 63 30 11 86 61 87 6 63 79 5 66 18 19 79 21 33 
5 45 79 27 49 33 91 68 75 30 17 77 13 49 8 49 93 75 30 56 
26 25 82 6 92 63 1 17 54 22 34 15 33 49 74 11 76 90 54 37 
52 81 6 59 23 23 39 59 44 74 11 81 91 22 24 7 38 46 15 16 
92 62 93 24 26 8 97 94 48 1 7 12 66 82 69 37 34 85 96 58 
17 84 53 8 27 30 54 61 83 33 76 40 35 99 45 62 92 57 90 69 
18 44 49 96 25 86 63 42 95 4 18 8 22 95 99 76 13 12 25 20 
7 29 82 30 27 22 65 10 87 44 75 6 34 94 8 98 31 61 24 1 
74 5 35 38 43 52 97 57 95 33 15 11 98 13 53 32 98 91 62 32 
86 24 60 60 23 67 2 62 80 31 9 87 86 4 30 21 23 65 58 21 
74 27 67 59 82 65 94 12 14 55 25 63 75 40 77 56 74 87 64 66 
9 64 84 72 31 68 93 45 86 41 13 91 17 37 39 44 7 49 51 6 
90 21 29 29 98 37 82 61 99 45 54 96 17 25 19 57 4 32 13 55 
66 31 51 96 16 90 45 52 51 27 68 94 64 34 53 1 21 7 30 77 
14 21 30 16 90 16 97 41 90 12 40 26 51 69 7 66 11 70 17 5 
13 67 24 37 14 81 35 76 68 45 37 57 69 27 12 28 62 42 85 39 
43 31 58 88 16 91 50 21 69 51 29 97 82 4 94 90 47 12 75 16 
43 62 28 29 47 55 96 25 59 91 80 78 71 67 70 81 88 21 34 10 
64 75 64 39 21 45 6 4 73 26 33 26 21 97 70 15 44 58 33 92 
36 73 45 46 79 46 47 7 5 59 33 87 85 34 38 80 90 30 3 40 
10 45 91 59 50 32 53 46 9 76 33 8 32 56 48 65 71 4 12 82 
50 39 26 14 57 99 95 74 100 63 69 40 44 61 28 9 92 77 48 50 
9 50 25 51 31 21 24 64 2 23 58 53 53 19 23 68 33 15 6 58 
21 45 18 2 48 23 21 38 81 60 49 3 64 24 15 11 79 60 46 65 
83 93 50 100 8 67 64 6 45 56 88 88 100 22 66 84 75 39 38 90 
34 55 35 10 46 62 2 31 65 77 7 92 17 34 51 4 88 86 57 61 
80 37 39 85 59 61 94 42 6 29 25 30 64 66 5 10 54 37 60 78 
82 52 68 22 40 93 52 1 49 21 3 94 68 37 63 14 25 60 57 63 
71 26 80 17 46 1 45 46 51 64 83 6 51 29 1 74 32 92 44 38 
93 87 12 57 81 17 48 62 91 75 41 13 70 66 37 46 3 69 85 75 
20 13 22 66 5 14 42 51 22 38 79 64 36 33 20 21 42 84 50 23 
45 45 54 79 23 24 2 90 60 56 44 34 48 32 95 13 59 16 100 60 
79 29 37 76 31 51 68 56 12 53 70 12 19 37 53 68 4 19 95 81 
61 3 43 11 9 36 77 96 63 23 87 76 3 33 48 2 26 33 25 43 
60 46 69 23 25 49 31 22 95 64 16 30 66 54 63 85 62 88 10 96 
58 18 52 73 71 34 1 83 7 31 39 53 15 88 49 47 99 63 11 47 
64 78 26 99 39 55 15 56 65 36 48 13 63 37 99 62 63 51 33 73 
26 8 71 73 77 68 9 25 23 37 84 76 50 79 43 57 57 15 28 94 
65 46 61 11 40 77 27 22 83 80 4 35 29 20 79 95 24 60 12 65 
13 43 86 36 73 22 88 47 50 33 82 30 38 82 9 34 12 22 76 60 
51 66 55 17 9 73 75 63 65 29 12 62 42 35 32 24 11 3 70 25 
93 68 86 64 57 83 26 88 37 34 86 9 54 20 32 63 68 51 58 17 
68 20 3 64 57 40 13 6 11 29 59 38 22 94 5 81 82 45 9 16 
57 3 88 73 28 83 44 63 47 28 35 67 54 52 13 54 67 92 81 56 
39 69 29 98 87 80 47 10 18 59 99 6 96 24 42 73 61 96 37 72 
90 69 49 90 41 76 71 29 15 28 12 20 20 68 40 22 65 61 14 3 
87 11 89 53 74 78 56 14 13 44 84 98 40 11 40 16 34 73 1 54 
49 76 42 33 96 76 84 1 87 96 58 24 70 24 37 99 11 20 65 88 
1 51 63 46 11 84 78 6 51 2 54 99 42 24 6 60 61 51 36 17 
96 92 12 65 81 18 97 53 71 22 10 21 94 10 10 37 71 20 58 76 
26 72 84 49 63 19 85 5 34 80 86 2 40 4 99 77 41 71 35 51 
81 34 13 96 88 72 56 91 84 2 69 58 84 53 4 87 7 63 46 75 
